164
2 351 266
2 102 494
2 427 52
2 306 474
2 37 411
2 66 433
2 18 370
2 446 188
2 1 152
2 485 449
2 338 201
2 134 275
2 226 349
2 353 159
2 141 109
2 157 248
2 156 244
2 59 240
2 305 281
2 147 9
2 61 174
2 325 26
2 377 477
2 136 242
2 383 423
2 223 97
2 129 2
2 20 133
2 253 447
2 458 282
2 286 386
2 169 489
2 178 6
2 312 388
2 101 86
2 358 479
2 117 492
2 187 197
2 430 361
2 294 333
2 443 43
2 122 419
2 452 441
2 257 241
2 335 398
2 12 265
2 16 396
2 363 5
2 33 323
2 120 180
2 194 155
2 330 460
3 401 222 311
3 80 24 119
3 214 182 87
3 32 368 280
3 483 127 484
3 114 385 259
3 166 36 233
3 496 454 392
3 467 175 172
3 268 148 332
3 389 232 478
3 440 111 357
3 149 336 173
3 318 93 162
3 142 299 99
3 10 23 44
3 64 22 27
3 161 199 487
3 381 448 167
3 413 153 295
3 455 85 202
3 25 412 144
3 69 252 453
3 391 436 221
3 459 402 497
3 29 405 212
3 189 451 78
3 345 272 341
3 486 21 116
3 274 224 196
3 445 58 181
3 105 207 278
3 220 237 193
3 393 482 304
3 89 475 429
3 123 11 204
3 493 359 65
3 347 217 41
3 326 382 262
3 92 472 45
3 426 206 151
3 125 271 297
3 331 296 355
3 378 246 340
3 19 350 298
3 31 287 365
3 234 239 39
3 420 457 198
3 108 90 394
3 98 95 410
3 376 164 310
3 466 140 54
4 48 124 191 434
4 176 422 463 30
4 104 380 339 439
4 132 269 373 316
4 160 35 264 74
4 404 118 277 57
4 14 128 469 329
4 53 314 200 63
4 183 267 352 106
4 303 192 28 290
4 263 139 238 88
4 444 245 320 227
4 321 209 154 293
4 374 289 228 450
4 249 76 170 328
4 83 146 40 354
4 366 79 364 421
4 255 260 379 126
4 465 15 113 343
4 231 247 71 315
4 115 82 344 13
4 185 302 137 395
4 110 417 431 470
4 414 273 367 68
4 279 17 468 49
4 211 327 210 456
4 418 432 291 168
4 390 56 229 319
4 309 438 276 67
4 499 300 131 0
4 195 72 283 356
4 91 81 190 216
4 112 288 203 342
4 50 471 51 8
4 403 437 171 387
4 348 73 415 324
4 397 163 313 177
4 372 60 261 476
4 428 243 317 322
4 362 384 205 34
4 165 4 464 236
4 375 47 400 435
4 250 7 416 473
4 38 135 301 121
4 258 70 488 371
4 254 42 225 399
4 308 369 285 96
4 462 270 184 251
4 408 100 3 490
4 62 307 480 424
4 284 213 425 77
4 94 138 334 346
4 107 186 218 406
4 292 55 75 46
4 235 230 481 337
4 143 461 84 158
4 409 179 130 208
4 145 256 103 491
4 219 498 150 360
4 407 215 442 495